	a	ai	an	ang	ao	e	ei	en	eng	i	ia	ian	iang	iao	ie	in	ing	iong	iu	n	o	ong	ou	r	u	ua	uai	uan	uang	ue	ui	un	uo	v	ve
a	0.000998	0.000000	0.000000	0.000073	0.000000	0.000000	0.000000	0.000000	0.000000	0.001116	0.000000	0.000000	0.000000	0.000000	0.000000	0.000000	0.000000	0.000000	0.000000	0.002346	0.000850	0.000000	0.000000	0.000000	0.000000	0.000000	0.000000	0.000000	0.000000	0.000000	0.000000	0.000000	0.000000	0.000000	0.000000
b	0.002220	0.001739	0.002758	0.000628	0.003574	0.000000	0.005974	0.002272	0.000053	0.002653	0.000000	0.002426	0.000000	0.002186	0.000772	0.000269	0.003604	0.000000	0.000000	0.000000	0.002241	0.000000	0.000000	0.000000	0.009235	0.000000	0.000000	0.000000	0.000000	0.000000	0.000000	0.000000	0.000000	0.000000	0.000000
c	0.000032	0.001600	0.000984	0.000463	0.000530	0.000872	0.000000	0.000009	0.001159	0.004608	0.000000	0.000000	0.000000	0.000000	0.000000	0.000000	0.000000	0.000000	0.000000	0.000000	0.000000	0.001339	0.000010	0.000000	0.000168	0.000000	0.000000	0.000018	0.000000	0.000000	0.000220	0.000884	0.000215	0.000000	0.000000
ch	0.001124	0.000112	0.001501	0.003344	0.001662	0.001356	0.000000	0.000900	0.009218	0.001424	0.000000	0.000000	0.000000	0.000000	0.000000	0.000000	0.000000	0.000000	0.000000	0.000000	0.000000	0.000560	0.000287	0.000000	0.005988	0.000000	0.000002	0.001779	0.000653	0.000000	0.000109	0.000443	0.000019	0.000000	0.000000
d	0.008722	0.003317	0.003518	0.003127	0.006527	0.036598	0.000000	0.000000	0.002760	0.009593	0.000000	0.003446	0.000000	0.000529	0.000132	0.000000	0.002620	0.000000	0.000017	0.000000	0.000000	0.004540	0.002094	0.000000	0.003316	0.000000	0.000000	0.001299	0.000000	0.000000	0.004037	0.000630	0.003005	0.000000	0.000000
e	0.000000	0.000000	0.000000	0.000000	0.000000	0.000795	0.000000	0.000000	0.000000	0.000001	0.000000	0.000000	0.000000	0.000000	0.000000	0.000000	0.000000	0.000000	0.000000	0.000219	0.000000	0.000000	0.000000	0.007481	0.000000	0.000000	0.000000	0.000000	0.000000	0.000000	0.000000	0.000000	0.000000	0.000000	0.000000
f	0.006306	0.000000	0.002450	0.004262	0.000000	0.000000	0.002145	0.003877	0.001826	0.000000	0.000000	0.000000	0.000000	0.000000	0.000000	0.000000	0.000000	0.000000	0.000000	0.000000	0.000116	0.000000	0.000173	0.000000	0.006986	0.000000	0.000000	0.000000	0.000000	0.000000	0.000000	0.000000	0.000000	0.000000	0.000000
g	0.000045	0.002332	0.000991	0.001715	0.002460	0.007670	0.000541	0.000734	0.000950	0.000000	0.000000	0.000000	0.000000	0.000000	0.000000	0.000000	0.000000	0.000000	0.000000	0.000000	0.000000	0.007929	0.001125	0.000000	0.002619	0.000157	0.000050	0.004314	0.001618	0.000000	0.001636	0.000051	0.012236	0.000000	0.000000
h	0.000353	0.003011	0.001914	0.000620	0.001815	0.009698	0.000322	0.000723	0.003498	0.000000	0.000000	0.000000	0.000000	0.000000	0.000000	0.000000	0.000000	0.000000	0.000000	0.000000	0.000000	0.000806	0.005326	0.000000	0.002252	0.004885	0.000324	0.001182	0.001450	0.000000	0.005905	0.000407	0.003347	0.000000	0.000000
j	0.000000	0.000000	0.000000	0.000000	0.000000	0.000000	0.000000	0.000000	0.000000	0.018011	0.006375	0.007548	0.003911	0.004509	0.006335	0.005882	0.005699	0.000024	0.003266	0.000000	0.000000	0.000000	0.000000	0.000000	0.004871	0.000000	0.000000	0.000221	0.000000	0.001487	0.000000	0.004011	0.000000	0.000000	0.000000
k	0.000656	0.002401	0.000625	0.000675	0.000577	0.006260	0.000000	0.000207	0.000050	0.000000	0.000000	0.000000	0.000000	0.000000	0.000000	0.000000	0.000000	0.000000	0.000000	0.000000	0.000000	0.001496	0.001111	0.000000	0.000410	0.000132	0.000411	0.000279	0.000500	0.000000	0.000199	0.000217	0.000935	0.000000	0.000000
l	0.001512	0.003184	0.001349	0.000579	0.000699	0.000585	0.001797	0.000000	0.000170	0.013014	0.000006	0.002465	0.003674	0.005583	0.001337	0.001510	0.002883	0.000000	0.002425	0.000000	0.000000	0.000973	0.000415	0.000000	0.003322	0.000000	0.000000	0.000240	0.000000	0.000000	0.000000	0.001492	0.002273	0.001509	0.000284
m	0.002000	0.000683	0.000988	0.000121	0.000734	0.000182	0.003527	0.002180	0.000965	0.001613	0.000000	0.002007	0.000000	0.000475	0.000216	0.003347	0.004662	0.000000	0.000010	0.000000	0.001482	0.000000	0.000362	0.000000	0.002688	0.000000	0.000000	0.000000	0.000000	0.000000	0.000000	0.000000	0.000000	0.000000	0.000000
n	0.001414	0.000245	0.002884	0.000018	0.000211	0.000022	0.001876	0.000023	0.001879	0.001355	0.000000	0.011267	0.000080	0.000210	0.000082	0.000011	0.000441	0.000000	0.000376	0.000000	0.000000	0.000520	0.000001	0.000000	0.000296	0.000000	0.000000	0.000034	0.000000	0.000000	0.000000	0.000000	0.000379	0.000791	0.000015
o	0.000000	0.000000	0.000000	0.000000	0.000000	0.000000	0.000000	0.000000	0.000000	0.000000	0.000000	0.000000	0.000000	0.000000	0.000000	0.000000	0.000000	0.000000	0.000000	0.000000	0.000001	0.000000	0.000000	0.000000	0.000711	0.000000	0.000000	0.000000	0.000000	0.000000	0.000000	0.000000	0.000000	0.000000	0.000000
p	0.000195	0.001284	0.000531	0.000148	0.000280	0.000000	0.000565	0.000090	0.000293	0.000846	0.000000	0.000688	0.000000	0.000360	0.000003	0.001180	0.002085	0.000000	0.000000	0.000000	0.000835	0.000000	0.000012	0.000000	0.001174	0.000000	0.000000	0.000000	0.000000	0.000000	0.000000	0.000000	0.000000	0.000000	0.000000
q	0.000000	0.000000	0.000000	0.000000	0.000000	0.000000	0.000000	0.000000	0.000000	0.009908	0.000073	0.003452	0.001012	0.000602	0.000896	0.001226	0.002934	0.000087	0.001993	0.000000	0.000000	0.000000	0.000000	0.000000	0.004919	0.000000	0.000000	0.003280	0.000000	0.000909	0.000000	0.000428	0.000000	0.000000	0.000000
r	0.000000	0.000000	0.001473	0.000429	0.000155	0.000319	0.000000	0.010103	0.000471	0.004049	0.000000	0.000000	0.000000	0.000000	0.000000	0.000000	0.000000	0.000000	0.000000	0.000000	0.000000	0.000882	0.000147	0.000000	0.003458	0.000000	0.000000	0.000200	0.000000	0.000000	0.000342	0.000070	0.000335	0.000000	0.000000
s	0.000476	0.001194	0.002291	0.000128	0.000071	0.001089	0.000000	0.000301	0.000064	0.006697	0.000000	0.000000	0.000000	0.000000	0.000000	0.000000	0.000000	0.000000	0.000000	0.000000	0.000000	0.000818	0.000140	0.000000	0.002267	0.000000	0.000000	0.000634	0.000000	0.000000	0.001574	0.000373	0.002736	0.000000	0.000000
sh	0.000989	0.000014	0.002183	0.005003	0.001000	0.003075	0.000000	0.002788	0.005561	0.035290	0.000000	0.000000	0.000000	0.000000	0.000000	0.000000	0.000000	0.000000	0.000000	0.000000	0.000000	0.000000	0.004193	0.000000	0.006282	0.000078	0.000371	0.000013	0.000405	0.000000	0.001288	0.000216	0.001218	0.000000	0.000000
t	0.005177	0.003582	0.000936	0.000997	0.000747	0.001886	0.000000	0.000000	0.000172	0.003662	0.000000	0.002180	0.000000	0.001031	0.000744	0.000000	0.001177	0.000000	0.000000	0.000000	0.000000	0.006158	0.001261	0.000000	0.002050	0.000000	0.000000	0.000783	0.000000	0.000000	0.000808	0.000090	0.000739	0.000000	0.000000
w	0.000418	0.001858	0.003015	0.003286	0.000000	0.000000	0.016608	0.004018	0.000036	0.000000	0.000000	0.000000	0.000000	0.000000	0.000000	0.000000	0.000000	0.000000	0.000000	0.000000	0.000757	0.000000	0.000000	0.000000	0.006793	0.000000	0.000000	0.000000	0.000000	0.000000	0.000000	0.000000	0.000000	0.000000	0.000000
x	0.000000	0.000000	0.000000	0.000000	0.000000	0.000000	0.000000	0.000000	0.000000	0.007453	0.003150	0.007271	0.006468	0.003458	0.002772	0.003972	0.005149	0.000490	0.000877	0.000000	0.000000	0.000000	0.000000	0.000000	0.002570	0.000000	0.000000	0.001872	0.000000	0.005117	0.000000	0.001073	0.000000	0.000000	0.000000
y	0.002718	0.000000	0.004011	0.002718	0.002775	0.004991	0.000000	0.000000	0.000000	0.025133	0.000000	0.000000	0.000000	0.000000	0.000000	0.004860	0.004170	0.000000	0.000000	0.000000	0.000000	0.003990	0.012755	0.000000	0.014313	0.000000	0.000000	0.007802	0.000000	0.006027	0.000000	0.001765	0.000000	0.000000	0.000000
z	0.000234	0.010943	0.000229	0.000244	0.001597	0.001808	0.000035	0.000026	0.000537	0.007200	0.000000	0.000000	0.000000	0.000000	0.000000	0.000000	0.000000	0.000000	0.000000	0.000000	0.000000	0.002208	0.000344	0.000000	0.003006	0.000000	0.000000	0.000056	0.000000	0.000000	0.002536	0.000201	0.004052	0.000000	0.000000
zh	0.000282	0.000210	0.004429	0.003644	0.001094	0.005440	0.000000	0.001769	0.006256	0.017574	0.000000	0.000000	0.000000	0.000000	0.000000	0.000000	0.000000	0.000000	0.000000	0.000000	0.000000	0.013462	0.002994	0.000000	0.007069	0.000030	0.000002	0.001284	0.001060	0.000000	0.000242	0.000482	0.000172	0.000000	0.000000
